511 594 113 793 79 4 100 907 31 783 958 418 740 291 209 522 881 168 10 847 511 748 97 836 267 27 271 670 394 
1 итерация: 
Сравниваем 511 и 594
2 итерация: 
Сравниваем 511 и 113
Перестановка 511 и 113
113 594 511 793 79 4 100 907 31 783 958 418 740 291 209 522 881 168 10 847 511 748 97 836 267 27 271 670 394 
3 итерация: 
Сравниваем 113 и 793
4 итерация: 
Сравниваем 113 и 79
Перестановка 113 и 79
79 594 511 793 113 4 100 907 31 783 958 418 740 291 209 522 881 168 10 847 511 748 97 836 267 27 271 670 394 
5 итерация: 
Сравниваем 79 и 4
Перестановка 79 и 4
4 594 511 793 113 79 100 907 31 783 958 418 740 291 209 522 881 168 10 847 511 748 97 836 267 27 271 670 394 
6 итерация: 
Сравниваем 4 и 100
7 итерация: 
Сравниваем 4 и 907
8 итерация: 
Сравниваем 4 и 31
9 итерация: 
Сравниваем 4 и 783
10 итерация: 
Сравниваем 4 и 958
11 итерация: 
Сравниваем 4 и 418
12 итерация: 
Сравниваем 4 и 740
13 итерация: 
Сравниваем 4 и 291
14 итерация: 
Сравниваем 4 и 209
15 итерация: 
Сравниваем 4 и 522
16 итерация: 
Сравниваем 4 и 881
17 итерация: 
Сравниваем 4 и 168
18 итерация: 
Сравниваем 4 и 10
19 итерация: 
Сравниваем 4 и 847
20 итерация: 
Сравниваем 4 и 511
21 итерация: 
Сравниваем 4 и 748
22 итерация: 
Сравниваем 4 и 97
23 итерация: 
Сравниваем 4 и 836
24 итерация: 
Сравниваем 4 и 267
25 итерация: 
Сравниваем 4 и 27
26 итерация: 
Сравниваем 4 и 271
27 итерация: 
Сравниваем 4 и 670
28 итерация: 
Сравниваем 4 и 394
29 итерация: 
Сравниваем 594 и 511
Перестановка 594 и 511
4 511 594 793 113 79 100 907 31 783 958 418 740 291 209 522 881 168 10 847 511 748 97 836 267 27 271 670 394 
30 итерация: 
Сравниваем 511 и 793
31 итерация: 
Сравниваем 511 и 113
Перестановка 511 и 113
4 113 594 793 511 79 100 907 31 783 958 418 740 291 209 522 881 168 10 847 511 748 97 836 267 27 271 670 394 
32 итерация: 
Сравниваем 113 и 79
Перестановка 113 и 79
4 79 594 793 511 113 100 907 31 783 958 418 740 291 209 522 881 168 10 847 511 748 97 836 267 27 271 670 394 
33 итерация: 
Сравниваем 79 и 100
34 итерация: 
Сравниваем 79 и 907
35 итерация: 
Сравниваем 79 и 31
Перестановка 79 и 31
4 31 594 793 511 113 100 907 79 783 958 418 740 291 209 522 881 168 10 847 511 748 97 836 267 27 271 670 394 
36 итерация: 
Сравниваем 31 и 783
37 итерация: 
Сравниваем 31 и 958
38 итерация: 
Сравниваем 31 и 418
39 итерация: 
Сравниваем 31 и 740
40 итерация: 
Сравниваем 31 и 291
41 итерация: 
Сравниваем 31 и 209
42 итерация: 
Сравниваем 31 и 522
43 итерация: 
Сравниваем 31 и 881
44 итерация: 
Сравниваем 31 и 168
45 итерация: 
Сравниваем 31 и 10
Перестановка 31 и 10
4 10 594 793 511 113 100 907 79 783 958 418 740 291 209 522 881 168 31 847 511 748 97 836 267 27 271 670 394 
46 итерация: 
Сравниваем 10 и 847
47 итерация: 
Сравниваем 10 и 511
48 итерация: 
Сравниваем 10 и 748
49 итерация: 
Сравниваем 10 и 97
50 итерация: 
Сравниваем 10 и 836
51 итерация: 
Сравниваем 10 и 267
52 итерация: 
Сравниваем 10 и 27
53 итерация: 
Сравниваем 10 и 271
54 итерация: 
Сравниваем 10 и 670
55 итерация: 
Сравниваем 10 и 394
56 итерация: 
Сравниваем 594 и 793
57 итерация: 
Сравниваем 594 и 511
Перестановка 594 и 511
4 10 511 793 594 113 100 907 79 783 958 418 740 291 209 522 881 168 31 847 511 748 97 836 267 27 271 670 394 
58 итерация: 
Сравниваем 511 и 113
Перестановка 511 и 113
4 10 113 793 594 511 100 907 79 783 958 418 740 291 209 522 881 168 31 847 511 748 97 836 267 27 271 670 394 
59 итерация: 
Сравниваем 113 и 100
Перестановка 113 и 100
4 10 100 793 594 511 113 907 79 783 958 418 740 291 209 522 881 168 31 847 511 748 97 836 267 27 271 670 394 
60 итерация: 
Сравниваем 100 и 907
61 итерация: 
Сравниваем 100 и 79
Перестановка 100 и 79
4 10 79 793 594 511 113 907 100 783 958 418 740 291 209 522 881 168 31 847 511 748 97 836 267 27 271 670 394 
62 итерация: 
Сравниваем 79 и 783
63 итерация: 
Сравниваем 79 и 958
64 итерация: 
Сравниваем 79 и 418
65 итерация: 
Сравниваем 79 и 740
66 итерация: 
Сравниваем 79 и 291
67 итерация: 
Сравниваем 79 и 209
68 итерация: 
Сравниваем 79 и 522
69 итерация: 
Сравниваем 79 и 881
70 итерация: 
Сравниваем 79 и 168
71 итерация: 
Сравниваем 79 и 31
Перестановка 79 и 31
4 10 31 793 594 511 113 907 100 783 958 418 740 291 209 522 881 168 79 847 511 748 97 836 267 27 271 670 394 
72 итерация: 
Сравниваем 31 и 847
73 итерация: 
Сравниваем 31 и 511
74 итерация: 
Сравниваем 31 и 748
75 итерация: 
Сравниваем 31 и 97
76 итерация: 
Сравниваем 31 и 836
77 итерация: 
Сравниваем 31 и 267
78 итерация: 
Сравниваем 31 и 27
Перестановка 31 и 27
4 10 27 793 594 511 113 907 100 783 958 418 740 291 209 522 881 168 79 847 511 748 97 836 267 31 271 670 394 
79 итерация: 
Сравниваем 27 и 271
80 итерация: 
Сравниваем 27 и 670
81 итерация: 
Сравниваем 27 и 394
82 итерация: 
Сравниваем 793 и 594
Перестановка 793 и 594
4 10 27 594 793 511 113 907 100 783 958 418 740 291 209 522 881 168 79 847 511 748 97 836 267 31 271 670 394 
83 итерация: 
Сравниваем 594 и 511
Перестановка 594 и 511
4 10 27 511 793 594 113 907 100 783 958 418 740 291 209 522 881 168 79 847 511 748 97 836 267 31 271 670 394 
84 итерация: 
Сравниваем 511 и 113
Перестановка 511 и 113
4 10 27 113 793 594 511 907 100 783 958 418 740 291 209 522 881 168 79 847 511 748 97 836 267 31 271 670 394 
85 итерация: 
Сравниваем 113 и 907
86 итерация: 
Сравниваем 113 и 100
Перестановка 113 и 100
4 10 27 100 793 594 511 907 113 783 958 418 740 291 209 522 881 168 79 847 511 748 97 836 267 31 271 670 394 
87 итерация: 
Сравниваем 100 и 783
88 итерация: 
Сравниваем 100 и 958
89 итерация: 
Сравниваем 100 и 418
90 итерация: 
Сравниваем 100 и 740
91 итерация: 
Сравниваем 100 и 291
92 итерация: 
Сравниваем 100 и 209
93 итерация: 
Сравниваем 100 и 522
94 итерация: 
Сравниваем 100 и 881
95 итерация: 
Сравниваем 100 и 168
96 итерация: 
Сравниваем 100 и 79
Перестановка 100 и 79
4 10 27 79 793 594 511 907 113 783 958 418 740 291 209 522 881 168 100 847 511 748 97 836 267 31 271 670 394 
97 итерация: 
Сравниваем 79 и 847
98 итерация: 
Сравниваем 79 и 511
99 итерация: 
Сравниваем 79 и 748
100 итерация: 
Сравниваем 79 и 97
101 итерация: 
Сравниваем 79 и 836
102 итерация: 
Сравниваем 79 и 267
103 итерация: 
Сравниваем 79 и 31
Перестановка 79 и 31
4 10 27 31 793 594 511 907 113 783 958 418 740 291 209 522 881 168 100 847 511 748 97 836 267 79 271 670 394 
104 итерация: 
Сравниваем 31 и 271
105 итерация: 
Сравниваем 31 и 670
106 итерация: 
Сравниваем 31 и 394
107 итерация: 
Сравниваем 793 и 594
Перестановка 793 и 594
4 10 27 31 594 793 511 907 113 783 958 418 740 291 209 522 881 168 100 847 511 748 97 836 267 79 271 670 394 
108 итерация: 
Сравниваем 594 и 511
Перестановка 594 и 511
4 10 27 31 511 793 594 907 113 783 958 418 740 291 209 522 881 168 100 847 511 748 97 836 267 79 271 670 394 
109 итерация: 
Сравниваем 511 и 907
110 итерация: 
Сравниваем 511 и 113
Перестановка 511 и 113
4 10 27 31 113 793 594 907 511 783 958 418 740 291 209 522 881 168 100 847 511 748 97 836 267 79 271 670 394 
111 итерация: 
Сравниваем 113 и 783
112 итерация: 
Сравниваем 113 и 958
113 итерация: 
Сравниваем 113 и 418
114 итерация: 
Сравниваем 113 и 740
115 итерация: 
Сравниваем 113 и 291
116 итерация: 
Сравниваем 113 и 209
117 итерация: 
Сравниваем 113 и 522
118 итерация: 
Сравниваем 113 и 881
119 итерация: 
Сравниваем 113 и 168
120 итерация: 
Сравниваем 113 и 100
Перестановка 113 и 100
4 10 27 31 100 793 594 907 511 783 958 418 740 291 209 522 881 168 113 847 511 748 97 836 267 79 271 670 394 
121 итерация: 
Сравниваем 100 и 847
122 итерация: 
Сравниваем 100 и 511
123 итерация: 
Сравниваем 100 и 748
124 итерация: 
Сравниваем 100 и 97
Перестановка 100 и 97
4 10 27 31 97 793 594 907 511 783 958 418 740 291 209 522 881 168 113 847 511 748 100 836 267 79 271 670 394 
125 итерация: 
Сравниваем 97 и 836
126 итерация: 
Сравниваем 97 и 267
127 итерация: 
Сравниваем 97 и 79
Перестановка 97 и 79
4 10 27 31 79 793 594 907 511 783 958 418 740 291 209 522 881 168 113 847 511 748 100 836 267 97 271 670 394 
128 итерация: 
Сравниваем 79 и 271
129 итерация: 
Сравниваем 79 и 670
130 итерация: 
Сравниваем 79 и 394
131 итерация: 
Сравниваем 793 и 594
Перестановка 793 и 594
4 10 27 31 79 594 793 907 511 783 958 418 740 291 209 522 881 168 113 847 511 748 100 836 267 97 271 670 394 
132 итерация: 
Сравниваем 594 и 907
133 итерация: 
Сравниваем 594 и 511
Перестановка 594 и 511
4 10 27 31 79 511 793 907 594 783 958 418 740 291 209 522 881 168 113 847 511 748 100 836 267 97 271 670 394 
134 итерация: 
Сравниваем 511 и 783
135 итерация: 
Сравниваем 511 и 958
136 итерация: 
Сравниваем 511 и 418
Перестановка 511 и 418
4 10 27 31 79 418 793 907 594 783 958 511 740 291 209 522 881 168 113 847 511 748 100 836 267 97 271 670 394 
137 итерация: 
Сравниваем 418 и 740
138 итерация: 
Сравниваем 418 и 291
Перестановка 418 и 291
4 10 27 31 79 291 793 907 594 783 958 511 740 418 209 522 881 168 113 847 511 748 100 836 267 97 271 670 394 
139 итерация: 
Сравниваем 291 и 209
Перестановка 291 и 209
4 10 27 31 79 209 793 907 594 783 958 511 740 418 291 522 881 168 113 847 511 748 100 836 267 97 271 670 394 
140 итерация: 
Сравниваем 209 и 522
141 итерация: 
Сравниваем 209 и 881
142 итерация: 
Сравниваем 209 и 168
Перестановка 209 и 168
4 10 27 31 79 168 793 907 594 783 958 511 740 418 291 522 881 209 113 847 511 748 100 836 267 97 271 670 394 
143 итерация: 
Сравниваем 168 и 113
Перестановка 168 и 113
4 10 27 31 79 113 793 907 594 783 958 511 740 418 291 522 881 209 168 847 511 748 100 836 267 97 271 670 394 
144 итерация: 
Сравниваем 113 и 847
145 итерация: 
Сравниваем 113 и 511
146 итерация: 
Сравниваем 113 и 748
147 итерация: 
Сравниваем 113 и 100
Перестановка 113 и 100
4 10 27 31 79 100 793 907 594 783 958 511 740 418 291 522 881 209 168 847 511 748 113 836 267 97 271 670 394 
148 итерация: 
Сравниваем 100 и 836
149 итерация: 
Сравниваем 100 и 267
150 итерация: 
Сравниваем 100 и 97
Перестановка 100 и 97
4 10 27 31 79 97 793 907 594 783 958 511 740 418 291 522 881 209 168 847 511 748 113 836 267 100 271 670 394 
151 итерация: 
Сравниваем 97 и 271
152 итерация: 
Сравниваем 97 и 670
153 итерация: 
Сравниваем 97 и 394
154 итерация: 
Сравниваем 793 и 907
155 итерация: 
Сравниваем 793 и 594
Перестановка 793 и 594
4 10 27 31 79 97 594 907 793 783 958 511 740 418 291 522 881 209 168 847 511 748 113 836 267 100 271 670 394 
156 итерация: 
Сравниваем 594 и 783
157 итерация: 
Сравниваем 594 и 958
158 итерация: 
Сравниваем 594 и 511
Перестановка 594 и 511
4 10 27 31 79 97 511 907 793 783 958 594 740 418 291 522 881 209 168 847 511 748 113 836 267 100 271 670 394 
159 итерация: 
Сравниваем 511 и 740
160 итерация: 
Сравниваем 511 и 418
Перестановка 511 и 418
4 10 27 31 79 97 418 907 793 783 958 594 740 511 291 522 881 209 168 847 511 748 113 836 267 100 271 670 394 
161 итерация: 
Сравниваем 418 и 291
Перестановка 418 и 291
4 10 27 31 79 97 291 907 793 783 958 594 740 511 418 522 881 209 168 847 511 748 113 836 267 100 271 670 394 
162 итерация: 
Сравниваем 291 и 522
163 итерация: 
Сравниваем 291 и 881
164 итерация: 
Сравниваем 291 и 209
Перестановка 291 и 209
4 10 27 31 79 97 209 907 793 783 958 594 740 511 418 522 881 291 168 847 511 748 113 836 267 100 271 670 394 
165 итерация: 
Сравниваем 209 и 168
Перестановка 209 и 168
4 10 27 31 79 97 168 907 793 783 958 594 740 511 418 522 881 291 209 847 511 748 113 836 267 100 271 670 394 
166 итерация: 
Сравниваем 168 и 847
167 итерация: 
Сравниваем 168 и 511
168 итерация: 
Сравниваем 168 и 748
169 итерация: 
Сравниваем 168 и 113
Перестановка 168 и 113
4 10 27 31 79 97 113 907 793 783 958 594 740 511 418 522 881 291 209 847 511 748 168 836 267 100 271 670 394 
170 итерация: 
Сравниваем 113 и 836
171 итерация: 
Сравниваем 113 и 267
172 итерация: 
Сравниваем 113 и 100
Перестановка 113 и 100
4 10 27 31 79 97 100 907 793 783 958 594 740 511 418 522 881 291 209 847 511 748 168 836 267 113 271 670 394 
173 итерация: 
Сравниваем 100 и 271
174 итерация: 
Сравниваем 100 и 670
175 итерация: 
Сравниваем 100 и 394
176 итерация: 
Сравниваем 907 и 793
Перестановка 907 и 793
4 10 27 31 79 97 100 793 907 783 958 594 740 511 418 522 881 291 209 847 511 748 168 836 267 113 271 670 394 
177 итерация: 
Сравниваем 793 и 783
Перестановка 793 и 783
4 10 27 31 79 97 100 783 907 793 958 594 740 511 418 522 881 291 209 847 511 748 168 836 267 113 271 670 394 
178 итерация: 
Сравниваем 783 и 958
179 итерация: 
Сравниваем 783 и 594
Перестановка 783 и 594
4 10 27 31 79 97 100 594 907 793 958 783 740 511 418 522 881 291 209 847 511 748 168 836 267 113 271 670 394 
180 итерация: 
Сравниваем 594 и 740
181 итерация: 
Сравниваем 594 и 511
Перестановка 594 и 511
4 10 27 31 79 97 100 511 907 793 958 783 740 594 418 522 881 291 209 847 511 748 168 836 267 113 271 670 394 
182 итерация: 
Сравниваем 511 и 418
Перестановка 511 и 418
4 10 27 31 79 97 100 418 907 793 958 783 740 594 511 522 881 291 209 847 511 748 168 836 267 113 271 670 394 
183 итерация: 
Сравниваем 418 и 522
184 итерация: 
Сравниваем 418 и 881
185 итерация: 
Сравниваем 418 и 291
Перестановка 418 и 291
4 10 27 31 79 97 100 291 907 793 958 783 740 594 511 522 881 418 209 847 511 748 168 836 267 113 271 670 394 
186 итерация: 
Сравниваем 291 и 209
Перестановка 291 и 209
4 10 27 31 79 97 100 209 907 793 958 783 740 594 511 522 881 418 291 847 511 748 168 836 267 113 271 670 394 
187 итерация: 
Сравниваем 209 и 847
188 итерация: 
Сравниваем 209 и 511
189 итерация: 
Сравниваем 209 и 748
190 итерация: 
Сравниваем 209 и 168
Перестановка 209 и 168
4 10 27 31 79 97 100 168 907 793 958 783 740 594 511 522 881 418 291 847 511 748 209 836 267 113 271 670 394 
191 итерация: 
Сравниваем 168 и 836
192 итерация: 
Сравниваем 168 и 267
193 итерация: 
Сравниваем 168 и 113
Перестановка 168 и 113
4 10 27 31 79 97 100 113 907 793 958 783 740 594 511 522 881 418 291 847 511 748 209 836 267 168 271 670 394 
194 итерация: 
Сравниваем 113 и 271
195 итерация: 
Сравниваем 113 и 670
196 итерация: 
Сравниваем 113 и 394
197 итерация: 
Сравниваем 907 и 793
Перестановка 907 и 793
4 10 27 31 79 97 100 113 793 907 958 783 740 594 511 522 881 418 291 847 511 748 209 836 267 168 271 670 394 
198 итерация: 
Сравниваем 793 и 958
199 итерация: 
Сравниваем 793 и 783
Перестановка 793 и 783
4 10 27 31 79 97 100 113 783 907 958 793 740 594 511 522 881 418 291 847 511 748 209 836 267 168 271 670 394 
200 итерация: 
Сравниваем 783 и 740
Перестановка 783 и 740
4 10 27 31 79 97 100 113 740 907 958 793 783 594 511 522 881 418 291 847 511 748 209 836 267 168 271 670 394 
201 итерация: 
Сравниваем 740 и 594
Перестановка 740 и 594
4 10 27 31 79 97 100 113 594 907 958 793 783 740 511 522 881 418 291 847 511 748 209 836 267 168 271 670 394 
202 итерация: 
Сравниваем 594 и 511
Перестановка 594 и 511
4 10 27 31 79 97 100 113 511 907 958 793 783 740 594 522 881 418 291 847 511 748 209 836 267 168 271 670 394 
203 итерация: 
Сравниваем 511 и 522
204 итерация: 
Сравниваем 511 и 881
205 итерация: 
Сравниваем 511 и 418
Перестановка 511 и 418
4 10 27 31 79 97 100 113 418 907 958 793 783 740 594 522 881 511 291 847 511 748 209 836 267 168 271 670 394 
206 итерация: 
Сравниваем 418 и 291
Перестановка 418 и 291
4 10 27 31 79 97 100 113 291 907 958 793 783 740 594 522 881 511 418 847 511 748 209 836 267 168 271 670 394 
207 итерация: 
Сравниваем 291 и 847
208 итерация: 
Сравниваем 291 и 511
209 итерация: 
Сравниваем 291 и 748
210 итерация: 
Сравниваем 291 и 209
Перестановка 291 и 209
4 10 27 31 79 97 100 113 209 907 958 793 783 740 594 522 881 511 418 847 511 748 291 836 267 168 271 670 394 
211 итерация: 
Сравниваем 209 и 836
212 итерация: 
Сравниваем 209 и 267
213 итерация: 
Сравниваем 209 и 168
Перестановка 209 и 168
4 10 27 31 79 97 100 113 168 907 958 793 783 740 594 522 881 511 418 847 511 748 291 836 267 209 271 670 394 
214 итерация: 
Сравниваем 168 и 271
215 итерация: 
Сравниваем 168 и 670
216 итерация: 
Сравниваем 168 и 394
217 итерация: 
Сравниваем 907 и 958
218 итерация: 
Сравниваем 907 и 793
Перестановка 907 и 793
4 10 27 31 79 97 100 113 168 793 958 907 783 740 594 522 881 511 418 847 511 748 291 836 267 209 271 670 394 
219 итерация: 
Сравниваем 793 и 783
Перестановка 793 и 783
4 10 27 31 79 97 100 113 168 783 958 907 793 740 594 522 881 511 418 847 511 748 291 836 267 209 271 670 394 
220 итерация: 
Сравниваем 783 и 740
Перестановка 783 и 740
4 10 27 31 79 97 100 113 168 740 958 907 793 783 594 522 881 511 418 847 511 748 291 836 267 209 271 670 394 
221 итерация: 
Сравниваем 740 и 594
Перестановка 740 и 594
4 10 27 31 79 97 100 113 168 594 958 907 793 783 740 522 881 511 418 847 511 748 291 836 267 209 271 670 394 
222 итерация: 
Сравниваем 594 и 522
Перестановка 594 и 522
4 10 27 31 79 97 100 113 168 522 958 907 793 783 740 594 881 511 418 847 511 748 291 836 267 209 271 670 394 
223 итерация: 
Сравниваем 522 и 881
224 итерация: 
Сравниваем 522 и 511
Перестановка 522 и 511
4 10 27 31 79 97 100 113 168 511 958 907 793 783 740 594 881 522 418 847 511 748 291 836 267 209 271 670 394 
225 итерация: 
Сравниваем 511 и 418
Перестановка 511 и 418
4 10 27 31 79 97 100 113 168 418 958 907 793 783 740 594 881 522 511 847 511 748 291 836 267 209 271 670 394 
226 итерация: 
Сравниваем 418 и 847
227 итерация: 
Сравниваем 418 и 511
228 итерация: 
Сравниваем 418 и 748
229 итерация: 
Сравниваем 418 и 291
Перестановка 418 и 291
4 10 27 31 79 97 100 113 168 291 958 907 793 783 740 594 881 522 511 847 511 748 418 836 267 209 271 670 394 
230 итерация: 
Сравниваем 291 и 836
231 итерация: 
Сравниваем 291 и 267
Перестановка 291 и 267
4 10 27 31 79 97 100 113 168 267 958 907 793 783 740 594 881 522 511 847 511 748 418 836 291 209 271 670 394 
232 итерация: 
Сравниваем 267 и 209
Перестановка 267 и 209
4 10 27 31 79 97 100 113 168 209 958 907 793 783 740 594 881 522 511 847 511 748 418 836 291 267 271 670 394 
233 итерация: 
Сравниваем 209 и 271
234 итерация: 
Сравниваем 209 и 670
235 итерация: 
Сравниваем 209 и 394
236 итерация: 
Сравниваем 958 и 907
Перестановка 958 и 907
4 10 27 31 79 97 100 113 168 209 907 958 793 783 740 594 881 522 511 847 511 748 418 836 291 267 271 670 394 
237 итерация: 
Сравниваем 907 и 793
Перестановка 907 и 793
4 10 27 31 79 97 100 113 168 209 793 958 907 783 740 594 881 522 511 847 511 748 418 836 291 267 271 670 394 
238 итерация: 
Сравниваем 793 и 783
Перестановка 793 и 783
4 10 27 31 79 97 100 113 168 209 783 958 907 793 740 594 881 522 511 847 511 748 418 836 291 267 271 670 394 
239 итерация: 
Сравниваем 783 и 740
Перестановка 783 и 740
4 10 27 31 79 97 100 113 168 209 740 958 907 793 783 594 881 522 511 847 511 748 418 836 291 267 271 670 394 
240 итерация: 
Сравниваем 740 и 594
Перестановка 740 и 594
4 10 27 31 79 97 100 113 168 209 594 958 907 793 783 740 881 522 511 847 511 748 418 836 291 267 271 670 394 
241 итерация: 
Сравниваем 594 и 881
242 итерация: 
Сравниваем 594 и 522
Перестановка 594 и 522
4 10 27 31 79 97 100 113 168 209 522 958 907 793 783 740 881 594 511 847 511 748 418 836 291 267 271 670 394 
243 итерация: 
Сравниваем 522 и 511
Перестановка 522 и 511
4 10 27 31 79 97 100 113 168 209 511 958 907 793 783 740 881 594 522 847 511 748 418 836 291 267 271 670 394 
244 итерация: 
Сравниваем 511 и 847
245 итерация: 
Сравниваем 511 и 511
246 итерация: 
Сравниваем 511 и 748
247 итерация: 
Сравниваем 511 и 418
Перестановка 511 и 418
4 10 27 31 79 97 100 113 168 209 418 958 907 793 783 740 881 594 522 847 511 748 511 836 291 267 271 670 394 
248 итерация: 
Сравниваем 418 и 836
249 итерация: 
Сравниваем 418 и 291
Перестановка 418 и 291
4 10 27 31 79 97 100 113 168 209 291 958 907 793 783 740 881 594 522 847 511 748 511 836 418 267 271 670 394 
250 итерация: 
Сравниваем 291 и 267
Перестановка 291 и 267
4 10 27 31 79 97 100 113 168 209 267 958 907 793 783 740 881 594 522 847 511 748 511 836 418 291 271 670 394 
251 итерация: 
Сравниваем 267 и 271
252 итерация: 
Сравниваем 267 и 670
253 итерация: 
Сравниваем 267 и 394
254 итерация: 
Сравниваем 958 и 907
Перестановка 958 и 907
4 10 27 31 79 97 100 113 168 209 267 907 958 793 783 740 881 594 522 847 511 748 511 836 418 291 271 670 394 
255 итерация: 
Сравниваем 907 и 793
Перестановка 907 и 793
4 10 27 31 79 97 100 113 168 209 267 793 958 907 783 740 881 594 522 847 511 748 511 836 418 291 271 670 394 
256 итерация: 
Сравниваем 793 и 783
Перестановка 793 и 783
4 10 27 31 79 97 100 113 168 209 267 783 958 907 793 740 881 594 522 847 511 748 511 836 418 291 271 670 394 
257 итерация: 
Сравниваем 783 и 740
Перестановка 783 и 740
4 10 27 31 79 97 100 113 168 209 267 740 958 907 793 783 881 594 522 847 511 748 511 836 418 291 271 670 394 
258 итерация: 
Сравниваем 740 и 881
259 итерация: 
Сравниваем 740 и 594
Перестановка 740 и 594
4 10 27 31 79 97 100 113 168 209 267 594 958 907 793 783 881 740 522 847 511 748 511 836 418 291 271 670 394 
260 итерация: 
Сравниваем 594 и 522
Перестановка 594 и 522
4 10 27 31 79 97 100 113 168 209 267 522 958 907 793 783 881 740 594 847 511 748 511 836 418 291 271 670 394 
261 итерация: 
Сравниваем 522 и 847
262 итерация: 
Сравниваем 522 и 511
Перестановка 522 и 511
4 10 27 31 79 97 100 113 168 209 267 511 958 907 793 783 881 740 594 847 522 748 511 836 418 291 271 670 394 
263 итерация: 
Сравниваем 511 и 748
264 итерация: 
Сравниваем 511 и 511
265 итерация: 
Сравниваем 511 и 836
266 итерация: 
Сравниваем 511 и 418
Перестановка 511 и 418
4 10 27 31 79 97 100 113 168 209 267 418 958 907 793 783 881 740 594 847 522 748 511 836 511 291 271 670 394 
267 итерация: 
Сравниваем 418 и 291
Перестановка 418 и 291
4 10 27 31 79 97 100 113 168 209 267 291 958 907 793 783 881 740 594 847 522 748 511 836 511 418 271 670 394 
268 итерация: 
Сравниваем 291 и 271
Перестановка 291 и 271
4 10 27 31 79 97 100 113 168 209 267 271 958 907 793 783 881 740 594 847 522 748 511 836 511 418 291 670 394 
269 итерация: 
Сравниваем 271 и 670
270 итерация: 
Сравниваем 271 и 394
271 итерация: 
Сравниваем 958 и 907
Перестановка 958 и 907
4 10 27 31 79 97 100 113 168 209 267 271 907 958 793 783 881 740 594 847 522 748 511 836 511 418 291 670 394 
272 итерация: 
Сравниваем 907 и 793
Перестановка 907 и 793
4 10 27 31 79 97 100 113 168 209 267 271 793 958 907 783 881 740 594 847 522 748 511 836 511 418 291 670 394 
273 итерация: 
Сравниваем 793 и 783
Перестановка 793 и 783
4 10 27 31 79 97 100 113 168 209 267 271 783 958 907 793 881 740 594 847 522 748 511 836 511 418 291 670 394 
274 итерация: 
Сравниваем 783 и 881
275 итерация: 
Сравниваем 783 и 740
Перестановка 783 и 740
4 10 27 31 79 97 100 113 168 209 267 271 740 958 907 793 881 783 594 847 522 748 511 836 511 418 291 670 394 
276 итерация: 
Сравниваем 740 и 594
Перестановка 740 и 594
4 10 27 31 79 97 100 113 168 209 267 271 594 958 907 793 881 783 740 847 522 748 511 836 511 418 291 670 394 
277 итерация: 
Сравниваем 594 и 847
278 итерация: 
Сравниваем 594 и 522
Перестановка 594 и 522
4 10 27 31 79 97 100 113 168 209 267 271 522 958 907 793 881 783 740 847 594 748 511 836 511 418 291 670 394 
279 итерация: 
Сравниваем 522 и 748
280 итерация: 
Сравниваем 522 и 511
Перестановка 522 и 511
4 10 27 31 79 97 100 113 168 209 267 271 511 958 907 793 881 783 740 847 594 748 522 836 511 418 291 670 394 
281 итерация: 
Сравниваем 511 и 836
282 итерация: 
Сравниваем 511 и 511
283 итерация: 
Сравниваем 511 и 418
Перестановка 511 и 418
4 10 27 31 79 97 100 113 168 209 267 271 418 958 907 793 881 783 740 847 594 748 522 836 511 511 291 670 394 
284 итерация: 
Сравниваем 418 и 291
Перестановка 418 и 291
4 10 27 31 79 97 100 113 168 209 267 271 291 958 907 793 881 783 740 847 594 748 522 836 511 511 418 670 394 
285 итерация: 
Сравниваем 291 и 670
286 итерация: 
Сравниваем 291 и 394
287 итерация: 
Сравниваем 958 и 907
Перестановка 958 и 907
4 10 27 31 79 97 100 113 168 209 267 271 291 907 958 793 881 783 740 847 594 748 522 836 511 511 418 670 394 
288 итерация: 
Сравниваем 907 и 793
Перестановка 907 и 793
4 10 27 31 79 97 100 113 168 209 267 271 291 793 958 907 881 783 740 847 594 748 522 836 511 511 418 670 394 
289 итерация: 
Сравниваем 793 и 881
290 итерация: 
Сравниваем 793 и 783
Перестановка 793 и 783
4 10 27 31 79 97 100 113 168 209 267 271 291 783 958 907 881 793 740 847 594 748 522 836 511 511 418 670 394 
291 итерация: 
Сравниваем 783 и 740
Перестановка 783 и 740
4 10 27 31 79 97 100 113 168 209 267 271 291 740 958 907 881 793 783 847 594 748 522 836 511 511 418 670 394 
292 итерация: 
Сравниваем 740 и 847
293 итерация: 
Сравниваем 740 и 594
Перестановка 740 и 594
4 10 27 31 79 97 100 113 168 209 267 271 291 594 958 907 881 793 783 847 740 748 522 836 511 511 418 670 394 
294 итерация: 
Сравниваем 594 и 748
295 итерация: 
Сравниваем 594 и 522
Перестановка 594 и 522
4 10 27 31 79 97 100 113 168 209 267 271 291 522 958 907 881 793 783 847 740 748 594 836 511 511 418 670 394 
296 итерация: 
Сравниваем 522 и 836
297 итерация: 
Сравниваем 522 и 511
Перестановка 522 и 511
4 10 27 31 79 97 100 113 168 209 267 271 291 511 958 907 881 793 783 847 740 748 594 836 522 511 418 670 394 
298 итерация: 
Сравниваем 511 и 511
299 итерация: 
Сравниваем 511 и 418
Перестановка 511 и 418
4 10 27 31 79 97 100 113 168 209 267 271 291 418 958 907 881 793 783 847 740 748 594 836 522 511 511 670 394 
300 итерация: 
Сравниваем 418 и 670
301 итерация: 
Сравниваем 418 и 394
Перестановка 418 и 394
4 10 27 31 79 97 100 113 168 209 267 271 291 394 958 907 881 793 783 847 740 748 594 836 522 511 511 670 418 
302 итерация: 
Сравниваем 958 и 907
Перестановка 958 и 907
4 10 27 31 79 97 100 113 168 209 267 271 291 394 907 958 881 793 783 847 740 748 594 836 522 511 511 670 418 
303 итерация: 
Сравниваем 907 и 881
Перестановка 907 и 881
4 10 27 31 79 97 100 113 168 209 267 271 291 394 881 958 907 793 783 847 740 748 594 836 522 511 511 670 418 
304 итерация: 
Сравниваем 881 и 793
Перестановка 881 и 793
4 10 27 31 79 97 100 113 168 209 267 271 291 394 793 958 907 881 783 847 740 748 594 836 522 511 511 670 418 
305 итерация: 
Сравниваем 793 и 783
Перестановка 793 и 783
4 10 27 31 79 97 100 113 168 209 267 271 291 394 783 958 907 881 793 847 740 748 594 836 522 511 511 670 418 
306 итерация: 
Сравниваем 783 и 847
307 итерация: 
Сравниваем 783 и 740
Перестановка 783 и 740
4 10 27 31 79 97 100 113 168 209 267 271 291 394 740 958 907 881 793 847 783 748 594 836 522 511 511 670 418 
308 итерация: 
Сравниваем 740 и 748
309 итерация: 
Сравниваем 740 и 594
Перестановка 740 и 594
4 10 27 31 79 97 100 113 168 209 267 271 291 394 594 958 907 881 793 847 783 748 740 836 522 511 511 670 418 
310 итерация: 
Сравниваем 594 и 836
311 итерация: 
Сравниваем 594 и 522
Перестановка 594 и 522
4 10 27 31 79 97 100 113 168 209 267 271 291 394 522 958 907 881 793 847 783 748 740 836 594 511 511 670 418 
312 итерация: 
Сравниваем 522 и 511
Перестановка 522 и 511
4 10 27 31 79 97 100 113 168 209 267 271 291 394 511 958 907 881 793 847 783 748 740 836 594 522 511 670 418 
313 итерация: 
Сравниваем 511 и 511
314 итерация: 
Сравниваем 511 и 670
315 итерация: 
Сравниваем 511 и 418
Перестановка 511 и 418
4 10 27 31 79 97 100 113 168 209 267 271 291 394 418 958 907 881 793 847 783 748 740 836 594 522 511 670 511 
316 итерация: 
Сравниваем 958 и 907
Перестановка 958 и 907
4 10 27 31 79 97 100 113 168 209 267 271 291 394 418 907 958 881 793 847 783 748 740 836 594 522 511 670 511 
317 итерация: 
Сравниваем 907 и 881
Перестановка 907 и 881
4 10 27 31 79 97 100 113 168 209 267 271 291 394 418 881 958 907 793 847 783 748 740 836 594 522 511 670 511 
318 итерация: 
Сравниваем 881 и 793
Перестановка 881 и 793
4 10 27 31 79 97 100 113 168 209 267 271 291 394 418 793 958 907 881 847 783 748 740 836 594 522 511 670 511 
319 итерация: 
Сравниваем 793 и 847
320 итерация: 
Сравниваем 793 и 783
Перестановка 793 и 783
4 10 27 31 79 97 100 113 168 209 267 271 291 394 418 783 958 907 881 847 793 748 740 836 594 522 511 670 511 
321 итерация: 
Сравниваем 783 и 748
Перестановка 783 и 748
4 10 27 31 79 97 100 113 168 209 267 271 291 394 418 748 958 907 881 847 793 783 740 836 594 522 511 670 511 
322 итерация: 
Сравниваем 748 и 740
Перестановка 748 и 740
4 10 27 31 79 97 100 113 168 209 267 271 291 394 418 740 958 907 881 847 793 783 748 836 594 522 511 670 511 
323 итерация: 
Сравниваем 740 и 836
324 итерация: 
Сравниваем 740 и 594
Перестановка 740 и 594
4 10 27 31 79 97 100 113 168 209 267 271 291 394 418 594 958 907 881 847 793 783 748 836 740 522 511 670 511 
325 итерация: 
Сравниваем 594 и 522
Перестановка 594 и 522
4 10 27 31 79 97 100 113 168 209 267 271 291 394 418 522 958 907 881 847 793 783 748 836 740 594 511 670 511 
326 итерация: 
Сравниваем 522 и 511
Перестановка 522 и 511
4 10 27 31 79 97 100 113 168 209 267 271 291 394 418 511 958 907 881 847 793 783 748 836 740 594 522 670 511 
327 итерация: 
Сравниваем 511 и 670
328 итерация: 
Сравниваем 511 и 511
329 итерация: 
Сравниваем 958 и 907
Перестановка 958 и 907
4 10 27 31 79 97 100 113 168 209 267 271 291 394 418 511 907 958 881 847 793 783 748 836 740 594 522 670 511 
330 итерация: 
Сравниваем 907 и 881
Перестановка 907 и 881
4 10 27 31 79 97 100 113 168 209 267 271 291 394 418 511 881 958 907 847 793 783 748 836 740 594 522 670 511 
331 итерация: 
Сравниваем 881 и 847
Перестановка 881 и 847
4 10 27 31 79 97 100 113 168 209 267 271 291 394 418 511 847 958 907 881 793 783 748 836 740 594 522 670 511 
332 итерация: 
Сравниваем 847 и 793
Перестановка 847 и 793
4 10 27 31 79 97 100 113 168 209 267 271 291 394 418 511 793 958 907 881 847 783 748 836 740 594 522 670 511 
333 итерация: 
Сравниваем 793 и 783
Перестановка 793 и 783
4 10 27 31 79 97 100 113 168 209 267 271 291 394 418 511 783 958 907 881 847 793 748 836 740 594 522 670 511 
334 итерация: 
Сравниваем 783 и 748
Перестановка 783 и 748
4 10 27 31 79 97 100 113 168 209 267 271 291 394 418 511 748 958 907 881 847 793 783 836 740 594 522 670 511 
335 итерация: 
Сравниваем 748 и 836
336 итерация: 
Сравниваем 748 и 740
Перестановка 748 и 740
4 10 27 31 79 97 100 113 168 209 267 271 291 394 418 511 740 958 907 881 847 793 783 836 748 594 522 670 511 
337 итерация: 
Сравниваем 740 и 594
Перестановка 740 и 594
4 10 27 31 79 97 100 113 168 209 267 271 291 394 418 511 594 958 907 881 847 793 783 836 748 740 522 670 511 
338 итерация: 
Сравниваем 594 и 522
Перестановка 594 и 522
4 10 27 31 79 97 100 113 168 209 267 271 291 394 418 511 522 958 907 881 847 793 783 836 748 740 594 670 511 
339 итерация: 
Сравниваем 522 и 670
340 итерация: 
Сравниваем 522 и 511
Перестановка 522 и 511
4 10 27 31 79 97 100 113 168 209 267 271 291 394 418 511 511 958 907 881 847 793 783 836 748 740 594 670 522 
341 итерация: 
Сравниваем 958 и 907
Перестановка 958 и 907
4 10 27 31 79 97 100 113 168 209 267 271 291 394 418 511 511 907 958 881 847 793 783 836 748 740 594 670 522 
342 итерация: 
Сравниваем 907 и 881
Перестановка 907 и 881
4 10 27 31 79 97 100 113 168 209 267 271 291 394 418 511 511 881 958 907 847 793 783 836 748 740 594 670 522 
343 итерация: 
Сравниваем 881 и 847
Перестановка 881 и 847
4 10 27 31 79 97 100 113 168 209 267 271 291 394 418 511 511 847 958 907 881 793 783 836 748 740 594 670 522 
344 итерация: 
Сравниваем 847 и 793
Перестановка 847 и 793
4 10 27 31 79 97 100 113 168 209 267 271 291 394 418 511 511 793 958 907 881 847 783 836 748 740 594 670 522 
345 итерация: 
Сравниваем 793 и 783
Перестановка 793 и 783
4 10 27 31 79 97 100 113 168 209 267 271 291 394 418 511 511 783 958 907 881 847 793 836 748 740 594 670 522 
346 итерация: 
Сравниваем 783 и 836
347 итерация: 
Сравниваем 783 и 748
Перестановка 783 и 748
4 10 27 31 79 97 100 113 168 209 267 271 291 394 418 511 511 748 958 907 881 847 793 836 783 740 594 670 522 
348 итерация: 
Сравниваем 748 и 740
Перестановка 748 и 740
4 10 27 31 79 97 100 113 168 209 267 271 291 394 418 511 511 740 958 907 881 847 793 836 783 748 594 670 522 
349 итерация: 
Сравниваем 740 и 594
Перестановка 740 и 594
4 10 27 31 79 97 100 113 168 209 267 271 291 394 418 511 511 594 958 907 881 847 793 836 783 748 740 670 522 
350 итерация: 
Сравниваем 594 и 670
351 итерация: 
Сравниваем 594 и 522
Перестановка 594 и 522
4 10 27 31 79 97 100 113 168 209 267 271 291 394 418 511 511 522 958 907 881 847 793 836 783 748 740 670 594 
352 итерация: 
Сравниваем 958 и 907
Перестановка 958 и 907
4 10 27 31 79 97 100 113 168 209 267 271 291 394 418 511 511 522 907 958 881 847 793 836 783 748 740 670 594 
353 итерация: 
Сравниваем 907 и 881
Перестановка 907 и 881
4 10 27 31 79 97 100 113 168 209 267 271 291 394 418 511 511 522 881 958 907 847 793 836 783 748 740 670 594 
354 итерация: 
Сравниваем 881 и 847
Перестановка 881 и 847
4 10 27 31 79 97 100 113 168 209 267 271 291 394 418 511 511 522 847 958 907 881 793 836 783 748 740 670 594 
355 итерация: 
Сравниваем 847 и 793
Перестановка 847 и 793
4 10 27 31 79 97 100 113 168 209 267 271 291 394 418 511 511 522 793 958 907 881 847 836 783 748 740 670 594 
356 итерация: 
Сравниваем 793 и 836
357 итерация: 
Сравниваем 793 и 783
Перестановка 793 и 783
4 10 27 31 79 97 100 113 168 209 267 271 291 394 418 511 511 522 783 958 907 881 847 836 793 748 740 670 594 
358 итерация: 
Сравниваем 783 и 748
Перестановка 783 и 748
4 10 27 31 79 97 100 113 168 209 267 271 291 394 418 511 511 522 748 958 907 881 847 836 793 783 740 670 594 
359 итерация: 
Сравниваем 748 и 740
Перестановка 748 и 740
4 10 27 31 79 97 100 113 168 209 267 271 291 394 418 511 511 522 740 958 907 881 847 836 793 783 748 670 594 
360 итерация: 
Сравниваем 740 и 670
Перестановка 740 и 670
4 10 27 31 79 97 100 113 168 209 267 271 291 394 418 511 511 522 670 958 907 881 847 836 793 783 748 740 594 
361 итерация: 
Сравниваем 670 и 594
Перестановка 670 и 594
4 10 27 31 79 97 100 113 168 209 267 271 291 394 418 511 511 522 594 958 907 881 847 836 793 783 748 740 670 
362 итерация: 
Сравниваем 958 и 907
Перестановка 958 и 907
4 10 27 31 79 97 100 113 168 209 267 271 291 394 418 511 511 522 594 907 958 881 847 836 793 783 748 740 670 
363 итерация: 
Сравниваем 907 и 881
Перестановка 907 и 881
4 10 27 31 79 97 100 113 168 209 267 271 291 394 418 511 511 522 594 881 958 907 847 836 793 783 748 740 670 
364 итерация: 
Сравниваем 881 и 847
Перестановка 881 и 847
4 10 27 31 79 97 100 113 168 209 267 271 291 394 418 511 511 522 594 847 958 907 881 836 793 783 748 740 670 
365 итерация: 
Сравниваем 847 и 836
Перестановка 847 и 836
4 10 27 31 79 97 100 113 168 209 267 271 291 394 418 511 511 522 594 836 958 907 881 847 793 783 748 740 670 
366 итерация: 
Сравниваем 836 и 793
Перестановка 836 и 793
4 10 27 31 79 97 100 113 168 209 267 271 291 394 418 511 511 522 594 793 958 907 881 847 836 783 748 740 670 
367 итерация: 
Сравниваем 793 и 783
Перестановка 793 и 783
4 10 27 31 79 97 100 113 168 209 267 271 291 394 418 511 511 522 594 783 958 907 881 847 836 793 748 740 670 
368 итерация: 
Сравниваем 783 и 748
Перестановка 783 и 748
4 10 27 31 79 97 100 113 168 209 267 271 291 394 418 511 511 522 594 748 958 907 881 847 836 793 783 740 670 
369 итерация: 
Сравниваем 748 и 740
Перестановка 748 и 740
4 10 27 31 79 97 100 113 168 209 267 271 291 394 418 511 511 522 594 740 958 907 881 847 836 793 783 748 670 
370 итерация: 
Сравниваем 740 и 670
Перестановка 740 и 670
4 10 27 31 79 97 100 113 168 209 267 271 291 394 418 511 511 522 594 670 958 907 881 847 836 793 783 748 740 
371 итерация: 
Сравниваем 958 и 907
Перестановка 958 и 907
4 10 27 31 79 97 100 113 168 209 267 271 291 394 418 511 511 522 594 670 907 958 881 847 836 793 783 748 740 
372 итерация: 
Сравниваем 907 и 881
Перестановка 907 и 881
4 10 27 31 79 97 100 113 168 209 267 271 291 394 418 511 511 522 594 670 881 958 907 847 836 793 783 748 740 
373 итерация: 
Сравниваем 881 и 847
Перестановка 881 и 847
4 10 27 31 79 97 100 113 168 209 267 271 291 394 418 511 511 522 594 670 847 958 907 881 836 793 783 748 740 
374 итерация: 
Сравниваем 847 и 836
Перестановка 847 и 836
4 10 27 31 79 97 100 113 168 209 267 271 291 394 418 511 511 522 594 670 836 958 907 881 847 793 783 748 740 
375 итерация: 
Сравниваем 836 и 793
Перестановка 836 и 793
4 10 27 31 79 97 100 113 168 209 267 271 291 394 418 511 511 522 594 670 793 958 907 881 847 836 783 748 740 
376 итерация: 
Сравниваем 793 и 783
Перестановка 793 и 783
4 10 27 31 79 97 100 113 168 209 267 271 291 394 418 511 511 522 594 670 783 958 907 881 847 836 793 748 740 
377 итерация: 
Сравниваем 783 и 748
Перестановка 783 и 748
4 10 27 31 79 97 100 113 168 209 267 271 291 394 418 511 511 522 594 670 748 958 907 881 847 836 793 783 740 
378 итерация: 
Сравниваем 748 и 740
Перестановка 748 и 740
4 10 27 31 79 97 100 113 168 209 267 271 291 394 418 511 511 522 594 670 740 958 907 881 847 836 793 783 748 
379 итерация: 
Сравниваем 958 и 907
Перестановка 958 и 907
4 10 27 31 79 97 100 113 168 209 267 271 291 394 418 511 511 522 594 670 740 907 958 881 847 836 793 783 748 
380 итерация: 
Сравниваем 907 и 881
Перестановка 907 и 881
4 10 27 31 79 97 100 113 168 209 267 271 291 394 418 511 511 522 594 670 740 881 958 907 847 836 793 783 748 
381 итерация: 
Сравниваем 881 и 847
Перестановка 881 и 847
4 10 27 31 79 97 100 113 168 209 267 271 291 394 418 511 511 522 594 670 740 847 958 907 881 836 793 783 748 
382 итерация: 
Сравниваем 847 и 836
Перестановка 847 и 836
4 10 27 31 79 97 100 113 168 209 267 271 291 394 418 511 511 522 594 670 740 836 958 907 881 847 793 783 748 
383 итерация: 
Сравниваем 836 и 793
Перестановка 836 и 793
4 10 27 31 79 97 100 113 168 209 267 271 291 394 418 511 511 522 594 670 740 793 958 907 881 847 836 783 748 
384 итерация: 
Сравниваем 793 и 783
Перестановка 793 и 783
4 10 27 31 79 97 100 113 168 209 267 271 291 394 418 511 511 522 594 670 740 783 958 907 881 847 836 793 748 
385 итерация: 
Сравниваем 783 и 748
Перестановка 783 и 748
4 10 27 31 79 97 100 113 168 209 267 271 291 394 418 511 511 522 594 670 740 748 958 907 881 847 836 793 783 
386 итерация: 
Сравниваем 958 и 907
Перестановка 958 и 907
4 10 27 31 79 97 100 113 168 209 267 271 291 394 418 511 511 522 594 670 740 748 907 958 881 847 836 793 783 
387 итерация: 
Сравниваем 907 и 881
Перестановка 907 и 881
4 10 27 31 79 97 100 113 168 209 267 271 291 394 418 511 511 522 594 670 740 748 881 958 907 847 836 793 783 
388 итерация: 
Сравниваем 881 и 847
Перестановка 881 и 847
4 10 27 31 79 97 100 113 168 209 267 271 291 394 418 511 511 522 594 670 740 748 847 958 907 881 836 793 783 
389 итерация: 
Сравниваем 847 и 836
Перестановка 847 и 836
4 10 27 31 79 97 100 113 168 209 267 271 291 394 418 511 511 522 594 670 740 748 836 958 907 881 847 793 783 
390 итерация: 
Сравниваем 836 и 793
Перестановка 836 и 793
4 10 27 31 79 97 100 113 168 209 267 271 291 394 418 511 511 522 594 670 740 748 793 958 907 881 847 836 783 
391 итерация: 
Сравниваем 793 и 783
Перестановка 793 и 783
4 10 27 31 79 97 100 113 168 209 267 271 291 394 418 511 511 522 594 670 740 748 783 958 907 881 847 836 793 
392 итерация: 
Сравниваем 958 и 907
Перестановка 958 и 907
4 10 27 31 79 97 100 113 168 209 267 271 291 394 418 511 511 522 594 670 740 748 783 907 958 881 847 836 793 
393 итерация: 
Сравниваем 907 и 881
Перестановка 907 и 881
4 10 27 31 79 97 100 113 168 209 267 271 291 394 418 511 511 522 594 670 740 748 783 881 958 907 847 836 793 
394 итерация: 
Сравниваем 881 и 847
Перестановка 881 и 847
4 10 27 31 79 97 100 113 168 209 267 271 291 394 418 511 511 522 594 670 740 748 783 847 958 907 881 836 793 
395 итерация: 
Сравниваем 847 и 836
Перестановка 847 и 836
4 10 27 31 79 97 100 113 168 209 267 271 291 394 418 511 511 522 594 670 740 748 783 836 958 907 881 847 793 
396 итерация: 
Сравниваем 836 и 793
Перестановка 836 и 793
4 10 27 31 79 97 100 113 168 209 267 271 291 394 418 511 511 522 594 670 740 748 783 793 958 907 881 847 836 
397 итерация: 
Сравниваем 958 и 907
Перестановка 958 и 907
4 10 27 31 79 97 100 113 168 209 267 271 291 394 418 511 511 522 594 670 740 748 783 793 907 958 881 847 836 
398 итерация: 
Сравниваем 907 и 881
Перестановка 907 и 881
4 10 27 31 79 97 100 113 168 209 267 271 291 394 418 511 511 522 594 670 740 748 783 793 881 958 907 847 836 
399 итерация: 
Сравниваем 881 и 847
Перестановка 881 и 847
4 10 27 31 79 97 100 113 168 209 267 271 291 394 418 511 511 522 594 670 740 748 783 793 847 958 907 881 836 
400 итерация: 
Сравниваем 847 и 836
Перестановка 847 и 836
4 10 27 31 79 97 100 113 168 209 267 271 291 394 418 511 511 522 594 670 740 748 783 793 836 958 907 881 847 
401 итерация: 
Сравниваем 958 и 907
Перестановка 958 и 907
4 10 27 31 79 97 100 113 168 209 267 271 291 394 418 511 511 522 594 670 740 748 783 793 836 907 958 881 847 
402 итерация: 
Сравниваем 907 и 881
Перестановка 907 и 881
4 10 27 31 79 97 100 113 168 209 267 271 291 394 418 511 511 522 594 670 740 748 783 793 836 881 958 907 847 
403 итерация: 
Сравниваем 881 и 847
Перестановка 881 и 847
4 10 27 31 79 97 100 113 168 209 267 271 291 394 418 511 511 522 594 670 740 748 783 793 836 847 958 907 881 
404 итерация: 
Сравниваем 958 и 907
Перестановка 958 и 907
4 10 27 31 79 97 100 113 168 209 267 271 291 394 418 511 511 522 594 670 740 748 783 793 836 847 907 958 881 
405 итерация: 
Сравниваем 907 и 881
Перестановка 907 и 881
4 10 27 31 79 97 100 113 168 209 267 271 291 394 418 511 511 522 594 670 740 748 783 793 836 847 881 958 907 
406 итерация: 
Сравниваем 958 и 907
Перестановка 958 и 907
4 10 27 31 79 97 100 113 168 209 267 271 291 394 418 511 511 522 594 670 740 748 783 793 836 847 881 907 958 
